Precission: 
 0.8827603724155201
Coefficient: 
 [ 0.17321163  0.96097658 -0.2053517  -0.34041011  0.03781253]
Intercept: 
 -1.4850870330235004
9.521716819968272 [10 10  2  0  2] 11
12.924281474911497 [13 13  2  0  2] 13
14.565257873956039 [13 15  3  0  0] 15
4.984963946710637 [6 6 2 0 2] 6
16.456572760134687 [16 16  1  0  0] 15
8.646543876243612 [8 9 1 0 8] 10
10.655905038282679 [11 11  2  0  2] 11
7.8084603600704465 [6 9 1 1 4] 8
9.21877855562854 [ 9 10  3  0  4] 10
7.96548026394194 [7 9 2 0 0] 8
6.058898422673125 [7 8 2 3 2] 9
7.772975285518756 [11  8  2  0  2] 8
7.322813271267497 [8 9 1 3 0] 10
11.995444956469441 [12 12  1  0  2] 11
17.212197644516976 [16 17  2  0  0] 17
6.896300558312147 [7 8 4 0 8] 8
18.503308470999773 [18 18  3  0  5] 19
11.919381900906874 [11 12  2  0 10] 13
12.924281474911497 [13 13  2  0  2] 11
10.37492826881794 [11 11  3  0  0] 10
16.153634495794957 [15 16  2  0  2] 16
8.355388535841278 [10  9  3  0  2] 8
15.192657911540316 [15 15  2  0  2] 16
15.668369823969634 [16 15  2  0 10] 15
5.7840738348727285 [7 7 4 0 4] 6
10.48269340422291 [10 11  2  0  2] 12
12.215486603048118 [10 13  2  1  6] 13
7.511535254981396 [7 9 2 2 6] 8
16.424432694322103 [17 16  2  0  0] 16
15.268282981132703 [15 15  2  0  4] 15
9.250918621441125 [ 8 10  2  0  4] 10
9.440509811260583 [ 8  9  1  1 38] 8
12.75106984085173 [12 13  2  0  2] 12
12.09303152093682 [13 12  1  0  0] 12
14.94382120788816 [14 15  2  0  0] 16
3.6079521839947537 [6 5 2 1 0] 0
14.705163075173594 [11 15  1  0  2] 15
5.060491720599918 [ 6  6  2  1 13] 8
8.863240514083184 [10  9  2  0 10] 10
11.34157732205619 [12 12  4  0  1] 12
